26 84
0 2  1092.7793812
0 4  1107.0998030
1 2  544.9642775
1 3  378.9365554
1 5  1144.4979509
2 0  1092.7793812
2 1  544.9642775
2 4  962.3633343
3 1  378.9365554
3 4  592.0360552
3 5  937.7885946
4 0  1107.0998030
4 2  962.3633343
4 3  592.0360552
4 11  612.8726052
5 1  1144.4979509
5 3  937.7885946
5 6  904.3498739
5 7  1073.1309168
6 5  904.3498739
6 7  350.3491306
6 8  382.4276027
6 11  1050.0969555
6 16  999.6276134
7 5  1073.1309168
7 6  350.3491306
7 21  513.8376898
8 6  382.4276027
8 10  361.9989342
8 15  564.0935176
9 10  648.6329520
9 12  559.3324866
10 8  361.9989342
10 9  648.6329520
10 11  871.0553196
10 15  380.8866634
11 4  612.8726052
11 6  1050.0969555
11 10  871.0553196
12 9  559.3324866
12 13  293.0647081
12 14  404.7862667
12 15  415.5211929
13 12  293.0647081
13 15  367.0611700
13 16  394.0590637
13 17  439.6569974
14 12  404.7862667
14 17  149.2476220
15 8  564.0935176
15 10  380.8866634
15 12  415.5211929
15 13  367.0611700
16 6  999.6276134
16 13  394.0590637
16 20  528.7458793
16 23  343.2902867
17 13  439.6569974
17 14  149.2476220
17 19  663.5684945
17 25  493.2115970
18 19  233.4539934
18 22  298.2421483
18 25  342.9942307
19 17  663.5684945
19 18  233.4539934
19 22  230.7001899
20 16  528.7458793
20 23  364.4518547
20 25  530.9196383
21 7  513.8376898
21 23  678.4815110
21 24  1055.6866215
22 18  298.2421483
22 19  230.7001899
23 16  343.2902867
23 20  364.4518547
23 21  678.4815110
23 24  957.5167045
24 21  1055.6866215
24 23  957.5167045
25 17  493.2115970
25 18  342.9942307
25 20  530.9196383
