39 172
0 1  12761.5212330
1 0  12761.5212330
0 2  18247.4511414
2 0  18247.4511414
0 3  8949.8777868
3 0  8949.8777868
0 4  6174.6486819
4 0  6174.6486819
0 6  16148.6972854
6 0  16148.6972854
1 2  5486.0822807
2 1  5486.0822807
1 7  15974.0601261
7 1  15974.0601261
2 3  9578.1396725
3 2  9578.1396725
2 6  5592.4775666
6 2  5592.4775666
3 4  11011.8486156
4 3  11011.8486156
3 6  13543.6614427
6 3  13543.6614427
3 9  17384.3594064
9 3  17384.3594064
4 5  811.4970583
5 4  811.4970583
4 8  6122.5219089
8 4  6122.5219089
5 8  6845.7931529
8 5  6845.7931529
5 17  1077.6491497
17 5  1077.6491497
6 9  7730.6256959
9 6  7730.6256959
6 10  11303.5958745
10 6  11303.5958745
7 11  6752.8598873
11 7  6752.8598873
7 24  15198.8313759
24 7  15198.8313759
8 9  13740.2917012
9 8  13740.2917012
8 12  9367.2874630
12 8  9367.2874630
8 13  9122.2277526
13 8  9122.2277526
8 14  17557.9762988
14 8  17557.9762988
9 10  7325.3243883
10 9  7325.3243883
9 14  8307.6533209
14 9  8307.6533209
9 23  8587.9102281
23 9  8587.9102281
10 11  10328.3547478
11 10  10328.3547478
10 16  2936.0620096
16 10  2936.0620096
11 24  11384.2154631
24 11  11384.2154631
12 13  8354.5587280
13 12  8354.5587280
12 17  7892.5766947
17 12  7892.5766947
12 18  9015.5928866
18 12  9015.5928866
13 14  9319.7555113
14 13  9319.7555113
13 19  10042.4328734
19 13  10042.4328734
13 25  6585.4151189
25 13  6585.4151189
14 15  6033.4520132
15 14  6033.4520132
15 16  11334.2088694
16 15  11334.2088694
15 19  5405.2206985
19 15  5405.2206985
15 22  14748.9042924
22 15  14748.9042924
15 23  8532.0768018
23 15  8532.0768018
16 23  2947.7398098
23 16  2947.7398098
16 24  18732.6605378
24 16  18732.6605378
16 30  18736.2418500
30 16  18736.2418500
17 18  9746.1244213
18 17  9746.1244213
17 20  8031.4926059
20 17  8031.4926059
17 35  14067.1454093
35 17  14067.1454093
18 21  6414.8752781
21 18  6414.8752781
18 25  10004.9903171
25 18  10004.9903171
19 22  15975.9735489
22 19  15975.9735489
19 25  3812.3227660
25 19  3812.3227660
20 21  6021.5537800
21 20  6021.5537800
20 35  13487.8111219
35 20  13487.8111219
21 26  9314.4702681
26 21  9314.4702681
22 23  6593.5819202
23 22  6593.5819202
22 25  16102.4625095
25 22  16102.4625095
22 27  10623.9270824
27 22  10623.9270824
22 33  6749.7530692
33 22  6749.7530692
23 27  6264.7904934
27 23  6264.7904934
23 28  5925.2683238
28 23  5925.2683238
24 30  1892.9112680
30 24  1892.9112680
25 26  2312.5230216
26 25  2312.5230216
25 29  15380.5128981
29 25  15380.5128981
25 33  13704.9245940
33 25  13704.9245940
26 34  8442.3406192
34 26  8442.3406192
27 29  6201.1463375
29 27  6201.1463375
27 30  12278.1998372
30 27  12278.1998372
27 31  10711.1823479
31 27  10711.1823479
27 33  6395.1040470
33 27  6395.1040470
28 29  5593.9731321
29 28  5593.9731321
28 30  17339.7830268
30 28  17339.7830268
29 30  15322.9267881
30 29  15322.9267881
30 32  7851.3727791
32 30  7851.3727791
30 38  2859.7732054
38 30  2859.7732054
31 33  14647.6998014
33 31  14647.6998014
31 36  10924.4427477
36 31  10924.4427477
32 33  12186.1796791
33 32  12186.1796791
32 36  11023.0311656
36 32  11023.0311656
32 38  10322.6810920
38 32  10322.6810920
33 34  9998.3551229
34 33  9998.3551229
33 36  14179.1543353
36 33  14179.1543353
33 37  6124.6539948
37 33  6124.6539948
34 35  10502.5940014
35 34  10502.5940014
35 37  13015.9266590
37 35  13015.9266590
36 37  17435.3339745
37 36  17435.3339745
36 38  785.8372090
38 36  785.8372090
