39 122
0 33  674.4553103
0 34  205.4498311
1 2  544.9642775
1 3  378.9365554
1 38  171.4701646
2 1  544.9642775
2 35  879.6065110
2 36  131.9014757
3 1  378.9365554
3 4  592.0360552
3 36  620.4646717
3 37  411.7178387
4 3  592.0360552
4 11  612.8726052
4 33  1156.4409143
4 35  1013.1060455
4 36  848.2023708
5 6  904.3498739
5 7  1073.1309168
5 37  556.4629960
6 5  904.3498739
6 7  350.3491306
6 8  382.4276027
6 11  1050.0969555
6 31  679.3938140
7 5  1073.1309168
7 6  350.3491306
7 21  513.8376898
8 6  382.4276027
8 10  361.9989342
9 10  648.6329520
9 12  559.3324866
9 32  605.2673449
10 8  361.9989342
10 9  648.6329520
10 11  871.0553196
10 15  380.8866634
11 4  612.8726052
11 6  1050.0969555
11 10  871.0553196
12 9  559.3324866
12 13  293.0647081
12 14  404.7862667
12 15  415.5211929
13 12  293.0647081
13 15  367.0611700
13 16  394.0590637
13 29  162.2784303
14 12  404.7862667
14 17  149.2476220
14 27  325.8741489
15 10  380.8866634
15 12  415.5211929
15 13  367.0611700
15 31  405.9758004
16 13  394.0590637
16 20  528.7458793
16 23  343.2902867
16 31  320.3324311
17 14  149.2476220
17 18  668.7209952
17 28  187.0998297
17 29  356.4837649
18 17  668.7209952
18 22  298.2421483
18 26  135.3183481
18 27  574.3162991
19 22  404.1696979
19 27  501.3682616
20 16  528.7458793
20 23  364.4518547
20 25  530.9196383
20 30  820.2636948
21 7  513.8376898
21 23  678.4815110
21 24  1055.6866215
21 31  586.9583730
22 18  298.2421483
22 19  404.1696979
23 16  343.2902867
23 20  364.4518547
23 21  678.4815110
23 30  659.0533187
24 21  1055.6866215
24 30  322.7382079
25 20  530.9196383
25 26  207.9416894
25 28  306.8013847
26 18  135.3183481
26 25  207.9416894
27 14  325.8741489
27 18  574.3162991
27 19  501.3682616
28 17  187.0998297
28 25  306.8013847
29 13  162.2784303
29 17  356.4837649
30 20  820.2636948
30 23  659.0533187
30 24  322.7382079
31 6  679.3938140
31 15  405.9758004
31 16  320.3324311
31 21  586.9583730
32 9  605.2673449
32 33  1201.6359544
33 0  674.4553103
33 4  1156.4409143
33 32  1201.6359544
34 0  205.4498311
34 35  215.1120370
35 2  879.6065110
35 4  1013.1060455
35 34  215.1120370
36 2  131.9014757
36 3  620.4646717
36 4  848.2023708
37 3  411.7178387
37 5  556.4629960
37 38  480.6784524
38 1  171.4701646
38 37  480.6784524
