27 102
0 1  14032.2952738
5 4  3681.0557190
12 11  7960.0513969
23 26  12000.8254535
26 23  12000.8254535
5 6  1996.9646544
6 5  1996.9646544
6 7  1868.1397476
7 6  1868.1397476
7 8  1800.2833906
8 7  1800.2833906
8 9  1217.1410829
9 8  1217.1410829
8 11  13434.7017326
1 0  14032.2952738
11 8  13434.7017326
9 11  12261.1574701
11 9  12261.1574701
10 11  10283.8181105
11 10  10283.8181105
9 10  17246.4177447
10 9  17246.4177447
10 25  17230.7005500
25 10  17230.7005500
24 25  12895.2337991
1 2  11424.4866414
25 24  12895.2337991
22 24  5483.1065961
24 22  5483.1065961
23 24  16673.1323319
24 23  16673.1323319
22 23  11202.3054629
23 22  11202.3054629
21 23  9737.3666343
23 21  9737.3666343
22 26  12879.2408218
2 1  11424.4866414
26 22  12879.2408218
21 22  1464.9628027
22 21  1464.9628027
20 21  4701.8175474
21 20  4701.8175474
0 20  7911.3627351
20 0  7911.3627351
19 20  11459.6268796
20 19  11459.6268796
0 19  7467.6249919
2 3  10790.8952650
19 0  7467.6249919
19 21  16100.7957464
21 19  16100.7957464
1 19  6757.9127909
19 1  6757.9127909
19 26  7664.7727048
26 19  7664.7727048
21 26  13459.3294084
26 21  13459.3294084
18 19  13545.7932068
3 2  10790.8952650
19 18  13545.7932068
18 26  12610.5212491
26 18  12610.5212491
3 18  13596.5478246
18 3  13596.5478246
17 18  10351.2722175
18 17  10351.2722175
15 18  9173.4874355
18 15  9173.4874355
18 23  674.1568408
3 4  10624.6471099
23 18  674.1568408
15 23  9144.2671910
23 15  9144.2671910
15 25  1556.3211791
25 15  1556.3211791
14 15  10135.2654156
15 14  10135.2654156
10 14  8562.9724980
14 10  8562.9724980
12 14  8743.6483952
4 3  10624.6471099
14 12  8743.6483952
15 16  12121.3175102
16 15  12121.3175102
15 17  13042.7456319
17 15  13042.7456319
16 17  13878.0066548
17 16  13878.0066548
4 17  13637.9050779
17 4  13637.9050779
13 16  9395.4623402
4 5  3681.0557190
16 13  9395.4623402
4 13  17392.8874282
13 4  17392.8874282
5 13  16815.2330977
13 5  16815.2330977
6 13  18288.8153134
13 6  18288.8153134
12 16  8790.3517119
16 12  8790.3517119
11 12  7960.0513969
